604
721
730
770
791
1107
1142
1316
1421
1434
1630
1738
1774
1789
2230
2258
2270
2588
2851
4051
4207
4568
5069
5565
5738
7145
7568
7646
7669
7842
26379
26587
26804
27180
27647
27724
27751
30991
31026
31193
31502
32352
32600
38198
42591
43351
48268
48713
49917
51185
53187
53827
53883
55207
57772
58437
61406
62972
64167
65359
66544
66934
67852
68242
68482
68533
68544
69201
69241
69524
69849
70186
70800
70828
71007
72332
72781
73370
73453
74619
74679
75402
76533
77177
77328
77330
77359
77734
77770
77854
78974
79222
79299
79765
79866
80137
80160
80599
80768
81758
82751
83656
84663
84861
84974
85293
86237
86288
86487
87962
88099
88376
88378
89066
89985
90273
90647
91229
91632
91634
91747
92079
92222
92475
92652
92672
92783
93040
93126
93322
93391
93490
93568
93628
93719
93885
93988
93991
94041
94394
94421
94427
95185
95230
95604
95717
96075
96471
96473
96486
96518
96520
96679
96681
96769
96939
97319
97466
97548
98224
98385
98398
98931
99287
99764
99792
99901
100044
100046
100058
100157
100198
100536
100538
100655
100946
101616
101850
102421
102672
103087
103422
103478
104072
104095
104119
104155
105011
105250
105663
105841
105890
106032
106074
106076
106082
106098
106107
106115
106506
106527
106682
106914
107137
107199
107202
107252
107400
107623
107970
108056
108667
108727
108977
109193
109239
109357
109381
109565
109713
109889
110042
110880
110895
112367
112493
112546
112807
112809
113470
113545
113636
113855
113972
114382
114895
115673
115715
115895
115937
115969
115977
116002
116050
116136
116261
116975
117111
118392
118704
118854
118878
118908
118916
119139
119440
119565
119567
120134
120313
120486
120841
120843
121035
121111
121119
121159
121249
122230
122260
122282
122292
122347
122575
122711
122908
122926
123083
123107
123260
123288
123443
123555
123573
123621
124269
125481
125950
125958
126002
126010
126020
126022
126042
126068
126106
126430
126929
127003
127180
127242
127288
127327
127390
127646
128003
128005
128007
128009
128201
128320
128734
128862
128946
129032
129651
130408
130514
130842
131050
131166
131724
132192
132348
132492
132522
132524
133183
133197
134753
135182
135202
135240
135430
135476
135539
135571
135745
135747
135846
135939
136000
136301
136630
136640
136762
136882
137717
137859
137873
137904
139130
139140
139195
139630
139743
139879
140307
140441
140481
140709
140737
141297
141402
141450
141678
141680
141686
141735
141739
141763
141765
141767
141816
142115
142462
142780
143057
143506
143521
143709
143990
144050
144706
144918
145050
145100
145528
146002
146329
146702
147120
147122
147124
147250
147290
147328
147330
147332
147370
147728
147732
147775
148048
148093
148101
148214
148216
148236
148390
148460
148675
148761
148896
148966
149028
149090
149424
149502
149650
149674
149936
150220
150419
150534
150657
150726
150854
150952
151279
151357
151585
151629
151763
151804
152031
152069
152284
152660
152806
153430
153736
153939
154430
154546
154886
154941
155109
155117
155577
155816
155968
155992
155994
156383
156385
156791
157278
157498
157542
157751
157777
157781
157787
157789
157791
157793
157795
157801
157805
157815
157817
157823
157827
157833
157843
157965
158092
158094
158184
158270
158437
158510
158538
158545
158731
158846
158848
158870
159017
159137
159155
159199
159325
159413
159817
159821
160165
160179
160317
160432
160614
160616
160618
160620
160622
160624
160654
161175
161204
161470
161474
161500
161504
161508
162006
162324
162438
162650
162808
162864
162886
163026
163076
163316
163484
163665
163809
163921
163963
163995
164099
164157
164260
164387
164445
164501
164530
164608
164749
164777
164803
164805
164815
164819
165069
165123
165321
165395
165747
165825
165829
165923
165963
166175
166211
166215
166223
166225
166227
166229
166231
166289
166518
166613
166701
166735
166775
166800
166878
166920
166968
167024
167026
167028
167030
167052
167102
167312
167424
167570
167594
167614
167666
167678
167768
168244
168340
168644
168716
168748
168910
168950
169272
169280
169742
169782
169866
169906
169932
169954
169960
169980
170109
170127
170273
170277
170451
170463
170465
170705
170727
170745
170915
171011
171033
171035
171061
171155
171333
171495
171521
171749
171801
171995
172129
172471
172497
172511
172631
172661
172697
172723
172903
172905
172907
172909
172913
172915
173143
173347
173421
173481
173535
173653
173739
173873
174033
174035
174181
174235
174283
174375
174403
174457
174485
174719
174829
174841
174905
174953
175183
175325
175335
175693
175695
175709
175991
176011
176075
176171
176329
176395
176585
176653
176777
176795
176883
176887
176989
176997
177071
177411
177501
177589
177703
177711
177951
178105
178297
178543
178619
178727
178819
179083
179095
179117
179135
179181
179369
179437
179545
179547
179549
179551
179617
179619
179621
179623
179625
179627
179629
179631
179633
179635
179639
179641
179643
179723
179857
180067
180143
180167
180193
180197
180263
181107
181217
181611
181613
181617
181619
181621
181623
181637
181687
182401
182421
182433
182481
182613
182723
182739
182851
182859
183145
183285
183287
183343
183461
183507
183561
183665
183747
183957
184003
184135
184257
184357
184423
184517
184593
184613
184661
184723
185089
185231
185367
185765
185927
186027
186085
186269
186777
187155
187211
187275
187697
187809
187965
188355
188625
188931
188933
189059
189447
189481
189483
189551
189555
190163
190165
190253
190635
190775
190921
191183
191205
191263
191289
191347
191395
191433
191675
191697
191851
192001
192481
192599
192689
193071
193345
193391
193433
193437
193525
194797
194973
195007
195085
195217
195269
195425
195529
195899
196063
196097
196345
196563
196619
196689
196973
197317
197377
197405
198235
198431
199129
199155
199538
199710
199792
199844
199860
199872
200048
200136
200496
200646
200892
200984
201318
201346
201680
201821
201939
201959
202045
202399
202683
202685
202687
202689
202691
202693
202769
202827
203098
203252
203264
203368
203881
203898
203922
204224
204252
204304
204628
204802
205128
205140
205257
205373
205775
205815
206198
206282
206409
206635
206757
206939
207093
207281
207307
207513
207960
208597
208799
208806
209481
209527
209723
209947
209973
210191
210193
210195
210539
210909
210925
211201
211508
211542
212661
212865
213053
213119
213620
213946
213948
213950
214116
214550
214718
214936
215263
215669
215855
216386
216454
216581
216931
217031
217137
217312
217721
217739
217741
217807
218229
218271
218685
218857
218859
219031
219201
219464
219717
220404
220498
220964
221066
221670
221860
222211
222719
224344
224398
224511
224711
224825
225429
225517
225693
226650
226686
226730
226732
226734
227084
227737
227821
228099
228403
228651
228791
228795
229225
229269
229513
229521
229523
229599
229611
229773
229951
230163
230253
230423
230465
230799
230827
231101
231287
231289
231503
232647
233831
234301
234496
234577
235041
235147
235179
235565
236127
236305
236729
236787
236961
237009
237231
237658
237742
237754
237856
237946
238072
238102
238322
238564
239040
239100
239316
239360
239532
240208
240340
240888
241064
241626
241814
242274
244036
244132
244180
244188
244400
244690
245350
245514
245876
246072
246614
246664
246970
247084
247380
247850
248316
248482
248894
248922
249274
249354
249536
249538
249968
251388
251416
251508
251678
252310
252710
252726
252784
253602
253848
253850
255943
256323
256991
257809
257815
258009
258941
259937
261297
261371
261691
261835
262189
262451
263227
263963
263965
267394
267954
268244
268840
269502
269898
270164
270216
270598
270600
271254
272199
272205
272661
272673
273275
274625
274651
275375
275699
275701
275705
276337
276405
276755
277040
277664
277832
278010
278858
279358
279496
280998
281020
281820
281988
282869
282959
283113
285589
286529
287439
288069
288977
